end_motif	cancer	control	abs_diff
CCTG	0.00808000483748542	0.0144013884273459	0.00632138358986044
CCTT	0.00667100079606438	0.01230692703623	0.00563592624016565
CCCA	0.00915240042174281	0.0138148799603681	0.00466247953862531
CTTT	0.0117385223754188	0.0157657416647208	0.00402721928930191
CCAG	0.00733017913479391	0.011248533429582	0.00391835429478807
ACTT	0.00372568997633119	0.00747175723060475	0.00374606725427356
CCTC	0.00596824121799692	0.00945290026330646	0.00348465904530954
CCCT	0.00516957639156275	0.00854749905043534	0.00337792265887259
GAAA	0.0129357366638939	0.00969462780990698	0.00324110885398694
GCTT	0.00597263675984251	0.00920447236956667	0.00323183560972416
CCTA	0.00421656584185311	0.00737298914441117	0.00315642330255806
CCAA	0.00628973649769842	0.00937459710761875	0.00308486060992033
AAAA	0.0144793636133208	0.0115659912186117	0.0029133723947091
TGAA	0.00910433494328024	0.00642691024756254	0.0026774246957177
GCCT	0.00642004278429454	0.00887041360006123	0.00245037081576669
GCTG	0.00637973074208052	0.00860554832279629	0.00222581758071576
CTTA	0.0052694593073151	0.0074686091816388	0.00219914987432369
CCAT	0.00461980471555039	0.00681363099574193	0.00219382628019154
ACTG	0.00292760044678333	0.00507245982504433	0.00214485937826101
TGGA	0.00556582759974206	0.00360410466056279	0.00196172293917927
CCAC	0.00459792820916336	0.00647474524079856	0.0018768170316352
ACCT	0.00219432038734729	0.00406528978127476	0.00187096939392747
TGGG	0.00554112239500018	0.00367739933324933	0.00186372306175085
TGAG	0.00760163965063991	0.0057618911243885	0.0018397485262514
TTTT	0.00820805005243651	0.0063699850067046	0.00183806504573191
TAAA	0.00787955936266751	0.00618395423708267	0.00169560512558484
TTGG	0.00297832440004648	0.00131119666477725	0.00166712773526923
CCCC	0.0036147143390053	0.00525102084223284	0.00163630650322754
TTAG	0.00331153659055877	0.00172928452289794	0.00158225206766083
AGAA	0.00896255439672823	0.00743756187417644	0.00152499252255179
TGAT	0.0054307945137948	0.00391412289729068	0.00151667161650413
CATT	0.00841036994922107	0.00988884736195155	0.00147847741273048
CTTC	0.00640623150099996	0.00787047353937516	0.0014642420383752
GCCA	0.00759902119332643	0.00904947229699622	0.0014504511036698
TTCC	0.00287079968056893	0.00145706142657439	0.00141373825399454
TTCT	0.00334531112337015	0.00193391328462714	0.00141139783874301
TTAA	0.00512720624028488	0.00372496336543811	0.00140224287484677
TGGC	0.00345451964020242	0.00205848272846067	0.00139603691174174
CATG	0.00609365193931593	0.00747816617246702	0.00138451423315109
TGGT	0.00333041575114282	0.00196182348051718	0.00136859227062564
TTGT	0.00298143957072637	0.00163241219094833	0.00134902737977805
CATA	0.00606903879424932	0.00740725592451827	0.00133821713026895
TTAT	0.00404645198828417	0.00270971946780803	0.00133673252047614
TTGC	0.00241811821769033	0.00109778015109484	0.0013203380665955
TTCA	0.00367281708871409	0.00235529637704589	0.0013175207116682
CTTG	0.00592200053176304	0.00717186638478534	0.0012498658530223
GCTA	0.0045720759913639	0.00581774057441358	0.00124566458304968
GAGA	0.005462056260585	0.00425245345536975	0.00120960280521525
CTAA	0.00652387680202523	0.0077285876863706	0.00120471088434537
TTAC	0.00265339735142681	0.00145218779265831	0.0012012095587685
AAAT	0.0075553897065737	0.00635608404516873	0.00119930566140497
TGTT	0.00645152101844594	0.00525745802826922	0.00119406299017673
TGAC	0.00373863123650131	0.0025838077581983	0.00115482347830302
TTGA	0.0032283417276462	0.0020784615802672	0.001149880147379
TAAT	0.0044997557200179	0.00336301005058424	0.00113674566943366
GAAT	0.00586539169357446	0.00473868626261682	0.00112670543095764
TTTC	0.00435008468456513	0.00323775031806478	0.00111233436650035
ACCA	0.00359650238990726	0.00470776717037373	0.00111126478046647
TGCC	0.00359254651645145	0.00249131962055378	0.00110122689589767
GGAA	0.0110746299156687	0.00997793207389523	0.00109669784177344
ACTC	0.00213303053632221	0.00321701693223839	0.00108398639591618
GTCC	0.00335856000015107	0.00230104328199549	0.00105751671815558
ACAT	0.00206695626054681	0.00312178501847858	0.00105482875793178
GTCA	0.00520044044051806	0.0041665966411429	0.00103384379937516
ACTA	0.00244196817956452	0.00344579794140069	0.00100382976183617
TTTG	0.00416222315799103	0.00317701141124303	0.000985211746748005
TGCT	0.00402671325259714	0.00305366545006604	0.000973047802531102
TGCA	0.00485127833822221	0.00387950813341554	0.000971770204806667
GGCT	0.00687214271011786	0.00781363497014948	0.000941492260031627
CTGA	0.00705113884725033	0.00798064467169376	0.000929505824443426
GCTC	0.00438493354055933	0.00528224089205006	0.00089730735149073
GTGC	0.00403545721562516	0.00314205209250105	0.000893405123124108
GCAT	0.00428607382531198	0.00513673673760198	0.000850662912289995
TAAG	0.00350333587695222	0.00266256289664768	0.000840772980304545
ACAG	0.00252343246162107	0.00336388921931114	0.000840456757690072
GAAG	0.00529076834897228	0.00446945064394819	0.000821317705024089
TAGA	0.00299042919897043	0.00217340507995401	0.00081702411901642
GTGA	0.0067494184477355	0.00593497701593186	0.000814441431803641
AGAC	0.00316267992264712	0.00235061313158784	0.00081206679105928
CAGC	0.00548358688612586	0.00469010412811415	0.000793482758011716
AGGA	0.00421157389558527	0.00342541724437775	0.000786156651207517
CCCG	0.00129438341723116	0.00207527812661494	0.000780894709383777
GTGT	0.00382847685918588	0.00305599424111519	0.000772482618070685
GTGG	0.00476228259331463	0.00399177134404119	0.000770511249273444
GCAG	0.00526387923084227	0.00602583467867387	0.000761955447831595
AGCA	0.00501735757682977	0.00427051539413449	0.000746842182695286
CTAT	0.00452754164167176	0.00524948906006418	0.000721947418392418
AGAG	0.00507163193133678	0.00435383750144351	0.000717794429893272
GAAC	0.00370229113869064	0.00298610191579247	0.000716189222898172
ACCC	0.00156878345452775	0.00226799945226602	0.000699215997738271
ACAA	0.00379811582906159	0.00449650091162054	0.000698385082558948
ATAA	0.00522719584966118	0.00591587341386801	0.000688677564206827
ATTA	0.0047942836905005	0.00547225516029314	0.00067797146979264
ATTT	0.0116180933231567	0.0122899876562608	0.000671894333104059
AGGC	0.00212203237518894	0.00149620093826266	0.000625831436926281
CTCC	0.00587292592846173	0.00525852035962181	0.00061440556883992
TAGG	0.00188416055553669	0.00127348542937832	0.000610675126158371
AAAC	0.00425677937908383	0.00365086184167631	0.000605917537407518
GGGA	0.0069254595708698	0.00632539411440024	0.000600065456469554
TGTC	0.00395778515320223	0.00336151119514355	0.000596273958058674
GAGT	0.00208630489635302	0.00149648970864371	0.000589815187709305
GAGC	0.00214263147044138	0.00156509107107698	0.000577540399364407
GGGT	0.00302237313497491	0.00244699344482731	0.000575379690147598
CACC	0.00475728962914885	0.00418807360147563	0.00056921602767322
AGAT	0.00408174192150207	0.00351626788844232	0.000565474033059748
GTTC	0.00509207076584181	0.00453759614730484	0.000554474618536966
TATT	0.00567404328164211	0.00512637128856947	0.000547671993072644
CTGG	0.00734973596960796	0.00680381505670589	0.000545920912902072
CATC	0.00476916488965577	0.00531404578389108	0.000544880894235314
GTAA	0.0055676578588077	0.00502510484636603	0.000542553012441675
GTCT	0.00493005310937537	0.00438775784509789	0.000542295264277487
TCAG	0.0026665029728089	0.00212462284461449	0.000541880128194408
GCCC	0.00393563031257	0.00447044384497767	0.000534813532407667
TAGC	0.00152226525134226	0.000989031995868281	0.000533233255473977
TAAC	0.00242041598760454	0.00188867798837562	0.000531737999228928
TACA	0.0034843331974493	0.00295358238595346	0.000530750811495847
AAGA	0.00418803824483647	0.00365765369026527	0.000530384554571208
TCCA	0.00317034375292446	0.00264010818882281	0.000530235564101648
GAGG	0.00264572244279304	0.00213148237398064	0.000514240068812406
CTCT	0.00682498351022163	0.00733004574738514	0.000505062237163516
GTAC	0.00237727995003687	0.00187523175003575	0.000502048200001127
AGCC	0.00282791513109394	0.00232629018635494	0.000501624944738998
TAGT	0.00156893775948638	0.0010688904156204	0.000500047343865976
GGTG	0.00675751058915297	0.0072488629268827	0.000491352337729734
ACAC	0.00185917215906227	0.00234852291289945	0.000489350753837181
ACCG	0.00035218524125501	0.000830464395354117	0.000478279154099106
GGGC	0.00321447114087924	0.00275485015056791	0.000459620990311327
AGGT	0.00164642463055377	0.00119063410921689	0.00045579052133687
GTAT	0.00359607783549423	0.00314358788182186	0.000452489953672372
GTTG	0.00458958582437685	0.00414891838005706	0.00044066744431979
TACT	0.00183831552797027	0.00140218985858057	0.000436125669389697
CAGT	0.00458090282789352	0.00415075311560424	0.000430149712289284
GGGG	0.00391150315037278	0.00348679841268715	0.000424704737685632
ATTG	0.0031181720052039	0.00353674151129942	0.00041856950609552
TCTA	0.0026594100712659	0.00307260736539242	0.000413197294126523
GACA	0.00458635818319244	0.00418884257622458	0.000397515606967863
AGGG	0.00228023066371705	0.00188282739562946	0.000397403268087582
GTAG	0.00312952684514266	0.00273735250642627	0.000392174338716393
CAGG	0.00733038013973105	0.00694382508128902	0.000386555058442032
ATTC	0.00426776303245721	0.00465014750431732	0.000382384471860109
TCAA	0.00236356574636197	0.00199558119999076	0.000367984546371204
GCAC	0.00336062442237627	0.00372582168600418	0.000365197263627905
AAGT	0.00185107019230695	0.00148764382691396	0.000363426365392996
TCCC	0.00220859404144125	0.00185018140983548	0.00035841263160577
ATGC	0.00217579234214498	0.00183415331939466	0.000341639022750322
CGGG	0.00122488810442874	0.000890469081281968	0.000334419023146774
GATT	0.00554451803830108	0.00587794201860444	0.000333423980303362
CAAC	0.00464632180221498	0.00431647732750693	0.000329844474708057
TACC	0.00161472176289871	0.00128992305967456	0.000324798703224151
GCAA	0.00612124736708412	0.00644535949459471	0.000324112127510587
GCCG	0.000836636072746904	0.00115889587983641	0.000322259807089503
GGAC	0.00363668079418889	0.00332173587029944	0.000314944923889449
AAGC	0.0018061532937021	0.00149632323858946	0.000309830055112633
GGCC	0.00475935895208357	0.0044507333863445	0.000308625565739067
CTGT	0.00579058727766866	0.0060990514779062	0.000308464200237536
CAAA	0.0134867095072008	0.0131897258364721	0.000296983670728708
AGTC	0.00216717183569458	0.00187038306276929	0.000296788772925293
ATCC	0.00214107128227187	0.00185166899367641	0.000289402288595454
AATG	0.00304132022871611	0.00332738154545749	0.000286061316741377
TGTG	0.00638182107529638	0.00610088135300429	0.000280939722292082
AAAG	0.00500498004262797	0.00472923822728838	0.000275741815339589
CTCA	0.00817606129796558	0.00844788503980001	0.000271823741834437
AACA	0.00394403540385031	0.00368661698522828	0.000257418418622036
TATA	0.00435020240662198	0.00460006524958472	0.00024986284296274
GCGG	0.000721761169907077	0.00047425099946743	0.000247510170439648
TATG	0.00341830214093194	0.00366418157780831	0.000245879436876375
CGCC	0.00112225748143605	0.000881932813379743	0.000240324668056303
TCTT	0.00477292073767169	0.0050094092359623	0.000236488498290608
GGTA	0.00491213431534556	0.00514260553345831	0.000230471218112756
TGTA	0.00478489911718006	0.00455585480081631	0.00022904431636375
ATGA	0.00415144330473304	0.00437611791783356	0.000224674613100524
GGAT	0.00524258299361823	0.00502115917942569	0.000221423814192543
CGAA	0.00125182229307248	0.00103164073415759	0.000220181558914896
AGCT	0.00335782956534507	0.00314308071247431	0.000214748852870767
CGAT	0.000943669870778344	0.000731901210612352	0.000211768660165992
GGTT	0.00594961561432253	0.00614773579991052	0.000198120185587985
GATA	0.00392976103073114	0.00373866511312608	0.000191095917605054
TCTC	0.00407197090222161	0.00426057217502646	0.000188601272804849
GCGA	0.000766695434270817	0.00057978980382136	0.000186905630449457
TCCT	0.00263444863932644	0.0024542288082407	0.000180219831085739
AGTA	0.00364422025056825	0.00347083287319112	0.000173387377377122
GCGT	0.000632565908885077	0.000462078223933578	0.000170487684951498
CAAT	0.00661818064074636	0.0064477883653982	0.000170392275348158
GGTC	0.00360607468821009	0.00343768072735221	0.000168393960857877
ATAC	0.00205291524498333	0.00188663548567372	0.000166279759309616
ATGT	0.00226484052080054	0.00209980556599841	0.000165034954802135
TCGG	0.000263303872974417	0.000101414807297582	0.000161889065676836
AATC	0.00275928447424011	0.00260352959820033	0.000155754876039789
TTCG	0.000343254236169275	0.000188027743305936	0.00015522649286334
ATCT	0.00260188645159081	0.00275594248135889	0.000154056029768087
TCAC	0.00180576191604331	0.0016564073696263	0.000149354546417017
CGGA	0.000717086513013637	0.000570769234914363	0.000146317278099274
CGCT	0.000779793066769695	0.000639224930928458	0.000140568135841237
GTTA	0.00483178684499713	0.0047018086153972	0.000129978229599936
TCCG	0.00035831778098783	0.000229296965130214	0.000129020815857616
CACA	0.00937169391582581	0.00949443188116804	0.000122737965342226
CGGT	0.00050716502244037	0.000387540247755402	0.000119624774684968
GTTT	0.0113481923711571	0.0112287608210373	0.000119431550119852
TGCG	0.000462375384557795	0.000343385256132468	0.000118990128425328
CGGC	0.000684785596571525	0.000566963505612527	0.000117822090958997
TCGA	0.000247033869897867	0.000129298911710448	0.000117734958187419
CACG	0.0012903251677012	0.00140603561770573	0.000115710450004529
AAGG	0.00168103069178986	0.00156715570222468	0.00011387498956518
GCGC	0.00054954628449178	0.000440968839340481	0.000108577445151299
CAAG	0.0068205286733491	0.00692874317333484	0.000108214499985732
TCAT	0.002055168508506	0.00194760319176788	0.000107565316738122
CGTT	0.000847158488881469	0.000740596976481197	0.000106561512400273
ATAG	0.00199689406685799	0.00210329749036444	0.000106403423506447
GATC	0.00282829273578823	0.00293287210570859	0.000104579369920359
TCGT	0.000198765257837761	9.58038781319479e-05	0.000102961379705813
AATT	0.00622105061176926	0.00611915152504847	0.000101899086720782
CGTG	0.00133456778070323	0.0014360064541838	0.000101438673480572
ATAT	0.00302558164592808	0.00312521121003023	9.96295641021447e-05
CCGG	0.000760424569486665	0.000663050061573074	9.73745079135913e-05
GGAG	0.00843850792319506	0.0083422873451296	9.62205780654559e-05
GACC	0.00212812814975826	0.00203200727691384	9.61208728444164e-05
AACC	0.00150416427567592	0.0014185939351772	8.55703404987252e-05
CGAC	0.000522135369444215	0.000437144766620017	8.49906028241974e-05
ACGG	0.000369172096435921	0.000285890407239291	8.32816891966293e-05
GGCA	0.0084303957762957	0.00851107537290301	8.06795966073123e-05
CTAC	0.00330768724705201	0.00322988815303908	7.77990940129241e-05
ATGG	0.00248341178887829	0.00256103304508344	7.76212562051538e-05
GGCG	0.00157585932636534	0.00165229947132587	7.64401449605272e-05
TCTG	0.00477897142346265	0.00470577633145614	7.31950920065038e-05
CTGC	0.0052849888908253	0.00521207472755458	7.29141632707124e-05
TCGC	0.000137222171980955	6.52863531097348e-05	7.19358188712202e-05
CGCA	0.000812321543844369	0.000740547782236175	7.17737616081934e-05
CGAG	0.00149161466369616	0.00142309377687557	6.85208868205971e-05
CCGT	0.000460025275686896	0.000528353710800427	6.83284351135304e-05
ACGA	0.000415714476030742	0.000350867185898898	6.48472901318438e-05
CCGA	0.000621030637172438	0.000685807289781009	6.47766526085702e-05
GTCG	0.000408165413483498	0.000344783097445283	6.33823160382148e-05
AATA	0.00476466563147441	0.00482482931174477	6.01636802703516e-05
CGTC	0.000614136471545478	0.000554270705463339	5.98657660821386e-05
AGTG	0.00374884902127867	0.00369502088058652	5.38281406921503e-05
TACG	0.000277509037648829	0.000224876694031201	5.26323436176285e-05
TATC	0.00267518235188683	0.00262569583980697	4.94865120798608e-05
GACT	0.00258190011377198	0.00262852708732033	4.66269735483501e-05
ATCA	0.00358922810586044	0.00354548733386932	4.37407719911251e-05
GATG	0.0034563037716389	0.00341377530574146	4.25284658974374e-05
AGTT	0.0043692473234587	0.0043272772760784	4.19700473803016e-05
CAGA	0.0078664731254952	0.00783080717067714	3.56659548180604e-05
ATCG	0.00029671535148536	0.000329959668683637	3.32443171982775e-05
AGCG	0.000547800354058233	0.000517173682360559	3.06266716976739e-05
ACGC	0.000244609202472716	0.00021707892355899	2.7530278913726e-05
TTTA	0.00427057966293779	0.00424328499056623	2.72946723715601e-05
AACG	0.000322041591511683	0.000348874901183881	2.68333096721979e-05
AACT	0.00197443327887513	0.001947625570249	2.68077086261317e-05
CCGC	0.000531347302187786	0.000556525724168267	2.51784219804812e-05
ACGT	0.000275677947150271	0.000252167915209481	2.35100319407902e-05
CTAG	0.00411028178508161	0.00413305541345879	2.27736283771769e-05
CGCG	0.000193634189377245	0.000205178599051365	1.154440967412e-05
CTCG	0.00107744875638928	0.00106827570048669	9.17305590258759e-06
CGTA	0.000663866162044988	0.000672963468239218	9.09730619422927e-06
GACG	0.000507184571468883	0.000515170842615211	7.98627114632813e-06
CACT	0.00534364774697453	0.00534152805583314	2.11969114139073e-06
